00001 2023-09-19 150 150
00002 2023-09-19 150 150
00003 2023-09-19 150 150
00004 2023-09-19 150 150
00005 2023-09-19 150 150
00006 2023-09-19 150 150
00007 2023-09-19 150 150
00008 2023-09-19 150 150
00009 2023-09-19 150 150
00010 2023-09-19 150 150
00011 2023-09-19 150 150
00012 2023-09-19 150 150
00013 2023-09-19 150 150
00014 2023-09-19 150 150
00015 2023-09-19 150 150
00016 2023-09-19 150 150
00017 2023-09-19 150 150
00018 2023-09-19 150 150
00019 2023-09-19 150 150
00020 2023-09-19 150 150
00021 2023-09-19 150 150
00022 2023-09-19 150 150
00023 2023-09-19 150 150
00024 2023-09-19 150 150
00025 2023-09-19 150 150
00026 2023-09-19 150 150
00027 2023-09-19 150 150
00028 2023-09-19 150 150
00029 2023-09-19 150 150
00030 2023-09-19 150 150
00031 2023-09-19 150 150
00032 2023-09-19 150 150
#